# Game Level Exporter v1.3
LIGHT
Light
<Matrix 4x4 (-0.2909, -0.0552,  0.9552, 0.0000)
            (-0.7711,  0.6045, -0.1999, 0.0000)
            (-0.5664, -0.7947, -0.2184, 0.0000)
            ( 4.0762,  5.9039,  1.0055, 1.0000)>
CAMERA
Camera
<Matrix 4x4 ( 0.6859,  0.0000,  0.7277, 0.0000)
            (-0.3240,  0.8954,  0.3054, 0.0000)
            (-0.6516, -0.4453,  0.6142, 0.0000)
            ( 7.3589,  4.9583, -6.9258, 1.0000)>
MESH
FV_X1_Fighter
<Matrix 4x4 (-0.0000, 0.0000,  1.0000, 0.0000)
            ( 0.0000, 1.0000,  0.0000, 0.0000)
            (-1.0000, 0.0000, -0.0000, 0.0000)
            ( 0.0000, 0.0000, 24.0000, 1.0000)>
MESH
Flying-Bee-turret
<Matrix 4x4 (-0.0000, -0.0000,  1.0000, 0.0000)
            ( 0.0000,  1.0000,  0.0000, 0.0000)
            (-1.0000,  0.0000, -0.0000, 0.0000)
            ( 0.0000,  0.0000, -4.0000, 1.0000)>
MESH
Flying-Wasp-turret
<Matrix 4x4 (-0.0000, -0.0000,   1.0000, 0.0000)
            ( 0.0000,  1.0000,   0.0000, 0.0000)
            (-1.0000,  0.0000,  -0.0000, 0.0000)
            ( 0.0000,  0.0000, -10.0000, 1.0000)>
COLLISION
Flying-Bee-turret
<Matrix 4x4 (2.0000,  0.0000,  0.0000, 0.0000)
            (0.0000,  1.2500,  0.0000, 0.0000)
            (0.0000, -0.0000,  2.0000, 0.0000)
            (0.0000,  3.0000, -4.0000, 1.0000)>
COLLISION
FV_X1_Fighter
<Matrix 4x4 (-0.0000, -7.5000,  0.0000, 0.0000)
            (13.5286, -0.0000,  0.0000, 0.0000)
            (-0.0000,  0.0000,  7.5000, 0.0000)
            ( 0.0000,  0.0000, 24.0000, 1.0000)>
COLLISION
Flying-Wasp-turret
<Matrix 4x4 (2.0000,  0.0000,   0.0000, 0.0000)
            (0.0000,  1.2500,   0.0000, 0.0000)
            (0.0000, -0.0000,   2.0000, 0.0000)
            (0.0000,  3.0000, -10.0000, 1.0000)>
MESH
lazer
<Matrix 4x4 (-0.0000,  0.0000,  1.0000, 0.0000)
            (-0.0000,  1.0000, -0.0000, 0.0000)
            (-1.0000, -0.0000, -0.0000, 0.0000)
            ( 0.0000,  0.0000,  0.0000, 1.0000)>
COLLISION
lazer
<Matrix 4x4 (-0.0000, -0.7500, 0.0000, 0.0000)
            ( 1.2500, -0.0000, 0.0000, 0.0000)
            (-0.0000,  0.0000, 0.7500, 0.0000)
            ( 0.0000,  0.0000, 0.0000, 1.0000)>
