# Game Level Exporter v1.3
LIGHT
Light
<Matrix 4x4 (   0.9129,    1.5729,     0.8322, 0.0000)
            (  -1.6196,    1.1219,    -0.3440, 0.0000)
            (  -0.7373,   -0.5169,     1.7858, 0.0000)
            (-461.0000, 1577.0000, -3931.0000, 1.0000)>
CAMERA
Camera
<Matrix 4x4 ( -0.0000,   0.0000,     1.0000, 0.0000)
            (  0.0000,   1.0000,     0.0000, 0.0000)
            ( 1.0000,   0.0000,    -0, 0.0000)
            (3981.0000, -230.0000, 500.000, 1.0000)>
MESH
FV_X1_Fighter
<Matrix 4x4 (  0.0000,   1.0000,     0.0000, 0.0000)
            (  1.0000,  -0.0000,    -0.0000, 0.0000)
            ( -0.0000,   0.0000,    -1.0000, 0.0000)
            (-12.0000, 245.0000, -4050.0000, 1.0000)>
MESH
Flying-Wasp-turret
<Matrix 4x4 (  7.5000,   0.0000,     0.0000, 0.0000)
            (  0.0000,   7.5000,     0.0000, 0.0000)
            (  0.0000,  -0.0000,     7.5000, 0.0000)
            (-45.3333, 215.0000, -3947.0000, 1.0000)>
MESH
Flying-Bee-turret
<Matrix 4x4 ( 7.5000,   0.0000,     0.0000, 0.0000)
            ( 0.0000,   7.5000,     0.0000, 0.0000)
            ( 0.0000,  -0.0000,     7.5000, 0.0000)
            (12.6667, 215.0000, -3836.0000, 1.0000)>
EMPTY
Player Start
<Matrix 4x4 (  1.0000,   0.0000,     0.0000, 0.0000)
            (  0.0000,   0.0000,     1.0000, 0.0000)
            (  0.0000,  -1.0000,     0.0000, 0.0000)
            (-12.0000, 245.0000, -4050.0000, 1.0000)>
MESH
Stalagmite_Tall0
<Matrix 4x4 (7.5000,  0.0000,     0.0000, 0.0000)
            (0.0000, -7.5000,     0.0000, 0.0000)
            (0.0000, -0.0000,    -7.5000, 0.0000)
            (0.0000, 18.0000, -2715.0000, 1.0000)>
MESH
CaveRockPack1_High1
<Matrix 4x4 ( 6.4279,  -0.0000,     7.6604, 0.0000)
            (-0.0000,  10.0000,     0.0000, 0.0000)
            (-7.6604,  -0.0000,     6.4279, 0.0000)
            ( 0.0000, 451.0000, -2025.0000, 1.0000)>
MESH
Stalagmite_Tall2
<Matrix 4x4 (  8.6036,   0.0000,  -12.2873, 0.0000)
            ( -0.0000, -15.0000,   -0.0000, 0.0000)
            (-12.2873,   0.0000,   -8.6036, 0.0000)
            (  0.0000, 460.0000, -558.0000, 1.0000)>
MESH
Stalagmite_Tall0.001
<Matrix 4x4 (7.5000,   0.0000,     0.0000, 0.0000)
            (0.0000,  -7.5000,    -0.0000, 0.0000)
            (0.0000,   0.0000,    -7.5000, 0.0000)
            (0.0000, -36.0000, -1312.0000, 1.0000)>
MESH
Stalagmite_Short0
<Matrix 4x4 (-10.0000,  -0.0000,   0.0000, 0.0000)
            (  0.0000, -10.0000,  -0.0000, 0.0000)
            (  0.0000,  -0.0000,  10.0000, 0.0000)
            (  0.0000,  19.0000, 274.0000, 1.0000)>
MESH
Stalagmite_Medium2
<Matrix 4x4 (15.0000,   0.0000,   0.0000, 0.0000)
            ( 0.0000, -15.0000,   0.0000, 0.0000)
            ( 0.0000,  -0.0000, -15.0000, 0.0000)
            ( 0.0000, 520.0000, 229.0000, 1.0000)>
MESH
Stalagmite_Medium2.001
<Matrix 4x4 (10.0000,   0.0000,   0.0000, 0.0000)
            ( 0.0000, -10.0000,  -0.0000, 0.0000)
            ( 0.0000,   0.0000, -10.0000, 0.0000)
            ( 0.0000, 549.0000, 307.0000, 1.0000)>
MESH
Stalagmite_Medium2.002
<Matrix 4x4 (10.0000,   0.0000,   0.0000, 0.0000)
            ( 0.0000, -10.0000,  -0.0000, 0.0000)
            ( 0.0000,   0.0000, -10.0000, 0.0000)
            ( 0.0000, 579.0000, 381.0000, 1.0000)>
MESH
Stalagmite_Short0.001
<Matrix 4x4 (-10.0000,  -0.0000,   0.0000, 0.0000)
            (  0.0000, -10.0000,  -0.0000, 0.0000)
            (  0.0000,  -0.0000,  10.0000, 0.0000)
            (  0.0000,  65.0000, 334.0000, 1.0000)>
MESH
Stalagmite_Tall1
<Matrix 4x4 (10.0000,    0.0000,    0.0000, 0.0000)
            ( 0.0000,   10.0000,    0.0000, 0.0000)
            ( 0.0000,   -0.0000,   10.0000, 0.0000)
            ( 0.0000, -108.0000, 1064.0000, 1.0000)>
MESH
Stalagmite_Tall1.001
<Matrix 4x4 (10.0000,    0.0000,    0.0000, 0.0000)
            ( 0.0000,   10.0000,    0.0000, 0.0000)
            ( 0.0000,   -0.0000,   10.0000, 0.0000)
            ( 0.0000, -177.0000, 1160.0000, 1.0000)>
MESH
Stalagmite_Tall1.002
<Matrix 4x4 (10.0000,   0.0000,    0.0000, 0.0000)
            ( 0.0000,  10.0000,    0.0000, 0.0000)
            ( 0.0000,  -0.0000,   10.0000, 0.0000)
            ( 0.0000, -94.0000, 1244.0000, 1.0000)>
MESH
Stalagmite_Medium2.003
<Matrix 4x4 (-9.9619,  0.8716,    0.0000, 0.0000)
            ( 0.8716,  9.9619,   -0.0000, 0.0000)
            (-0.0000, -0.0000,  -10.0000, 0.0000)
            ( 3.0214, 84.0000, 1751.3333, 1.0000)>
MESH
Stalagmite_Medium2.004
<Matrix 4x4 (-9.9619,   0.8716,    0.0000, 0.0000)
            ( 0.8716,   9.9619,   -0.0000, 0.0000)
            (-0.0000,  -0.0000,  -10.0000, 0.0000)
            (-0.9878, 120.0000, 1829.3333, 1.0000)>
MESH
Stalagmite_Medium2.005
<Matrix 4x4 (-9.9619,   0.8716,    0.0000, 0.0000)
            ( 0.8716,   9.9619,   -0.0000, 0.0000)
            (-0.0000,  -0.0000,  -10.0000, 0.0000)
            (-2.0336, 102.0000, 1903.3333, 1.0000)>
MESH
Stalagmite_Medium1
<Matrix 4x4 (10.0000,   0.0000,    0.0000, 0.0000)
            ( 0.0000, -10.0000,    0.0000, 0.0000)
            ( 0.0000,  -0.0000,  -10.0000, 0.0000)
            ( 0.0000, 458.0000, 2847.0000, 1.0000)>
MESH
Stalagmite_Medium1.001
<Matrix 4x4 (10.0000,   0.0000,    0.0000, 0.0000)
            ( 0.0000, -10.0000,   -0.0000, 0.0000)
            ( 0.0000,   0.0000,  -10.0000, 0.0000)
            ( 0.0000, 529.0000, 2927.0000, 1.0000)>
MESH
Stalagmite_Medium1.002
<Matrix 4x4 (10.0000,   0.0000,    0.0000, 0.0000)
            ( 0.0000, -10.0000,   -0.0000, 0.0000)
            ( 0.0000,   0.0000,  -10.0000, 0.0000)
            ( 0.0000, 581.0000, 3003.0000, 1.0000)>
MESH
Stalagmite_Short2
<Matrix 4x4 (20.0000,  0.0000,    0.0000, 0.0000)
            ( 0.0000, 20.0000,    0.0000, 0.0000)
            ( 0.0000, -0.0000,   20.0000, 0.0000)
            ( 0.0000, 30.0000, 3316.0000, 1.0000)>
MESH
Stalagmite_Medium1.003
<Matrix 4x4 (10.0000,   0.0000,    0.0000, 0.0000)
            ( 0.0000, -10.0000,   -0.0000, 0.0000)
            ( 0.0000,   0.0000,  -10.0000, 0.0000)
            ( 0.0000, 477.0000, 4019.3333, 1.0000)>
MESH
Stalagmite_Medium1.004
<Matrix 4x4 (10.0000,   0.0000,    0.0000, 0.0000)
            ( 0.0000, -10.0000,   -0.0000, 0.0000)
            ( 0.0000,   0.0000,  -10.0000, 0.0000)
            ( 0.0000, 445.0000, 4099.3330, 1.0000)>
MESH
Stalagmite_Medium1.005
<Matrix 4x4 (10.0000,   0.0000,    0.0000, 0.0000)
            ( 0.0000, -10.0000,   -0.0000, 0.0000)
            ( 0.0000,   0.0000,  -10.0000, 0.0000)
            ( 0.0000, 387.0000, 4175.3330, 1.0000)>
MESH
Stalagmite_Medium2.006
<Matrix 4x4 (-9.9619,   0.8716,    0.0000, 0.0000)
            (-0.8716,  -9.9619,   -0.0000, 0.0000)
            (-0.0000,  -0.0000,   10.0000, 0.0000)
            (-2.0336, 356.0000, 4915.0000, 1.0000)>
MESH
Test Rock
<Matrix 4x4 (-9.9619,   0.8716,   -0.0000, 0.0000)
            (-0.8716,  -9.9619,    0.0000, 0.0000)
            ( 0.0000,   0.0000,   10.0000, 0.0000)
            (-2.0336, 393.0000, 4465.0000, 1.0000)>
MESH
Test rock 2
<Matrix 4x4 (-9.9619,   0.8716,   -0.0000, 0.0000)
            (-0.8716,  -9.9619,    0.0000, 0.0000)
            ( 0.0000,   0.0000,   10.0000, 0.0000)
            (-2.0336, 420.0000, 4709.0000, 1.0000)>
MESH
Stalagmite_Tall0.002
<Matrix 4x4 (7.5000,    0.0000,    0.0000, 0.0000)
            (0.0000,   -7.5000,   -0.0000, 0.0000)
            (0.0000,    0.0000,   -7.5000, 0.0000)
            (0.0000, -154.0000, 5479.0000, 1.0000)>
MESH
Stalagmite_Short2.001
<Matrix 4x4 (20.0000,   0.0000,    0.0000, 0.0000)
            ( 0.0000, -20.0000,   -0.0000, 0.0000)
            ( 0.0000,   0.0000,  -20.0000, 0.0000)
            ( 0.0000, 304.0000, 6049.0000, 1.0000)>
MESH
Stalagmite_Tall1.003
<Matrix 4x4 (10.0000,    0.0000,   0.0000, 0.0000)
            ( 0.0000,   10.0000,   0.0000, 0.0000)
            ( 0.0000,   -0.0000,  10.0000, 0.0000)
            ( 0.0000, -192.0000, 965.0000, 1.0000)>
MESH
Stalagmite_Tall1.004
<Matrix 4x4 (10.0000,    0.0000,   0.0000, 0.0000)
            ( 0.0000,   10.0000,   0.0000, 0.0000)
            ( 0.0000,   -0.0000,  10.0000, 0.0000)
            ( 0.0000, -135.0000, 865.0000, 1.0000)>
MESH
Stalagmite_Tall1.005
<Matrix 4x4 (10.0000,    0.0000,   0.0000, 0.0000)
            ( 0.0000,   10.0000,   0.0000, 0.0000)
            ( 0.0000,   -0.0000,  10.0000, 0.0000)
            ( 0.0000, -258.0000, 775.0000, 1.0000)>
MESH
Stalagmite_Tall0.003
<Matrix 4x4 (7.5000,    0.0000,    0.0000, 0.0000)
            (0.0000,   -7.5000,   -0.0000, 0.0000)
            (0.0000,    0.0000,   -7.5000, 0.0000)
            (0.0000, -127.0000, 6294.0000, 1.0000)>
MESH
Goal
<Matrix 4x4 (500.0000,    0.0000,    0.0000, 0.0000)
            (  0.0000,    0.0000,  500.0000, 0.0000)
            (  0.0000, -500.0000,    0.0000, 0.0000)
            (  0.0000,   53.0000, 7895.0000, 1.0000)>
MESH
Stalagmite_Short2.002
<Matrix 4x4 (  0.0000,  0.0000,   20.0000, 0.0000)
            ( -0.0000, 20.0000,    0.0000, 0.0000)
            (-20.0000, -0.0000,    0.0000, 0.0000)
            (  0.0000, 30.0000, 3789.0000, 1.0000)>
MESH
Stalagmite_Medium2.007
<Matrix 4x4 (-9.9619,   0.8716,    0.0000, 0.0000)
            (-0.8716,  -9.9619,   -0.0000, 0.0000)
            (-0.0000,  -0.0000,   10.0000, 0.0000)
            (-2.0336, 356.0000, 5487.0000, 1.0000)>
MESH
Stalagmite_Medium2.008
<Matrix 4x4 (-9.9619,   0.8716,    0.0000, 0.0000)
            (-0.8716,  -9.9619,   -0.0000, 0.0000)
            (-0.0000,  -0.0000,   10.0000, 0.0000)
            (-2.0336, 356.0000, 5550.0000, 1.0000)>
MESH
moss_rock_08
<Matrix 4x4 ( -52.0944, -295.4423,    -0.0000, 0.0000)
            ( 295.4423,  -52.0944,     0.0002, 0.0000)
            (  -0.0002,    0.0000,   300.0000, 0.0000)
            (-255.0000, -413.0000, -3192.0000, 1.0000)>
MESH
moss_rock_10
<Matrix 4x4 ( -69.4592,    0.0000,  393.9231, 0.0000)
            (   0.0000,  400.0000,    0.0000, 0.0000)
            (-393.9231,    0.0000,  -69.4592, 0.0000)
            ( 265.0000, -187.0000, 4433.0000, 1.0000)>
MESH
moss_rock_11
<Matrix 4x4 (   0.0000, 250.0000,    0.0000, 0.0000)
            (-250.0000,   0.0000,    0.0000, 0.0000)
            (   0.0000,  -0.0000,  250.0000, 0.0000)
            (  94.0000, 401.0000, 2000.0000, 1.0000)>
MESH
moss_rock_12
<Matrix 4x4 ( -0.0000,   63.7218,  241.7428, 0.0000)
            (245.9358,   43.4121,  -11.4431, 0.0000)
            (-44.8949,  237.8128,  -62.6859, 0.0000)
            (-74.0000, -661.0000, -607.0000, 1.0000)>
MESH
moss_rock_14
<Matrix 4x4 (  -0.0000,   0.0000, 300.0000, 0.0000)
            (   0.0000, 300.0000,   0.0000, 0.0000)
            (-300.0000,   0.0000,  -0.0000, 0.0000)
            ( 345.0000, 379.0000, 244.0000, 1.0000)>
MESH
moss_rock_11.001
<Matrix 4x4 (-176.7766,  176.7767,    0.0000, 0.0000)
            (  88.3884,   88.3884, -216.5063, 0.0000)
            (-153.0931, -153.0930, -125.0001, 0.0000)
            ( -95.0000,  456.0000, 2441.0000, 1.0000)>
MESH
moss_rock_14.001
<Matrix 4x4 (   0.0000,   0.0000,  300.0000, 0.0000)
            (   0.0000, 300.0000,   -0.0000, 0.0000)
            (-300.0000,   0.0000,    0.0000, 0.0000)
            ( 345.0000, 379.0000, 2920.0000, 1.0000)>
MESH
moss_rock_14.002
<Matrix 4x4 (   0.0000,   0.0000,  300.0000, 0.0000)
            (   0.0000, 300.0000,   -0.0000, 0.0000)
            (-300.0000,   0.0000,    0.0000, 0.0000)
            ( 345.0000, 379.0000, 2512.0000, 1.0000)>
MESH
moss_rock_08.001
<Matrix 4x4 ( -52.0944, -295.4423,     0.0000, 0.0000)
            ( 295.4423,  -52.0944,     0.0000, 0.0000)
            (  -0.0000,    0.0000,   300.0000, 0.0000)
            (-254.0000,  416.0000, -3164.0000, 1.0000)>
MESH
moss_rock_10.001
<Matrix 4x4 ( 171.8144,   39.1776,  359.0890, 0.0000)
            ( -18.9587, -396.1143,   52.2884, 0.0000)
            ( 360.7220,  -39.4794, -168.2885, 0.0000)
            (-249.0000,    5.0000, 4416.0000, 1.0000)>
MESH
moss_rock_08.002
<Matrix 4x4 (  52.0944, -295.4423,    0.0000, 0.0000)
            (-295.4423,  -52.0944,   -0.0001, 0.0000)
            (   0.0001,    0.0000, -300.0000, 0.0000)
            ( 159.0000, -470.0000, 5777.0000, 1.0000)>
MESH
uploads_files_2309145_GROUND
<Matrix 4x4 (   2.0000,    0.0000,     0.0000, 0.0000)
            (   0.0000,    2.0000,     0.0000, 0.0000)
            (   0.0000,   -0.0000,     2.0000, 0.0000)
            (4741.0000, -401.0000, 11193.0000, 1.0000)>
MESH
Bob
<Matrix 4x4 (   18.2616, -32.5467,   33.2750, 0.0000)
            (   13.5780,  37.9146,   29.6331, 0.0000)
            (  -44.5214,  -1.7868,   22.6860, 0.0000)
            (-2197.0000,   0.0000, -241.0000, 1.0000)>
