# Game Level Exporter v1.3
LIGHT
Light
<Matrix 4x4 (-0.2909,   -0.0552,    0.9552, 0.0000)
            (-0.7711,    0.6045,   -0.1999, 0.0000)
            (-0.5664,   -0.7947,   -0.2184, 0.0000)
            ( 4.0762, 3667.9038, 2213.0054, 1.0000)>
CAMERA
Camera
<Matrix 4x4 ( -0.0000,   0.0000,     -1.0000, 0.0000)
            (  0.0000,   -1.0000,     0.0000, 0.0000)
            ( -1.0000,   0.0000,    -0, 0.0000)
            (2500.0000, 802.0000, -5345.0000, 1.0000)>
MESH
Center City Sci-Fi
<Matrix 4x4 (-10.0000, -0.0000,   -0.0000, 0.0000)
            ( -0.0000, 10.0000,   -0.0000, 0.0000)
            (  0.0000, -0.0000,  -10.0000, 0.0000)
            (  0.0000,  0.0000, -163.0544, 1.0000)>
MESH
Center City Sci-Fi.001
<Matrix 4x4 (  10.0000,  0.0000,    0.0000, 0.0000)
            (   0.0000, 10.0000,    0.0000, 0.0000)
            (   0.0000, -0.0000,   10.0000, 0.0000)
            (3171.0000, -0.3551, 4262.1401, 1.0000)>
EMPTY
Player Start
<Matrix 4x4 (  10.0000,   0.0000,     0.0000, 0.0000)
            (   0.0000,   0.0000,    10.0000, 0.0000)
            (   0.0000, -10.0000,     0.0000, 0.0000)
            (1700.0000, 805.3906, -5412.1499, 1.0000)>
MESH
Bd2_Baked
<Matrix 4x4 (  -0.0000,   0.0000,  500.0000, 0.0000)
            (   0.0000, 500.0000,    0.0000, 0.0000)
            (-500.0000,   0.0000,   -0.0000, 0.0000)
            ( 113.3545, 219.0000, 6920.2974, 1.0000)>
MESH
Bd3_Baked.001
<Matrix 4x4 (   0.0000,   0.0000,   175.0000, 0.0000)
            (  -0.0000, 175.0000,    -0.0000, 0.0000)
            (-175.0000,  -0.0000,     0.0000, 0.0000)
            (1627.2710,   0.0000, -5184.8672, 1.0000)>
MESH
Bd4_Baked
<Matrix 4x4 (   0.0000,   0.0000,   225.0000, 0.0000)
            (  -0.0000, 225.0000,    -0.0000, 0.0000)
            (-225.0000,  -0.0000,     0.0000, 0.0000)
            ( 751.9810,   0.0000, -1363.0000, 1.0000)>
MESH
Bd5_Baked
<Matrix 4x4 (  -0.0000,   0.0000,  250.0000, 0.0000)
            (   0.0000, 250.0000,    0.0000, 0.0000)
            (-250.0000,   0.0000,   -0.0000, 0.0000)
            (1526.9810,   0.0000, 5861.0000, 1.0000)>
MESH
Ac18_Baked
<Matrix 4x4 ( 225.0000,   0.0000,     0.0000, 0.0000)
            (   0.0000, 225.0000,     0.0000, 0.0000)
            (   0.0000,  -0.0000,   225.0000, 0.0000)
            (2484.7949,   0.0000, -4531.0000, 1.0000)>
MESH
Bd_Baked
<Matrix 4x4 ( 250.0000,   0.0000,     0.0000, 0.0000)
            (   0.0000, 250.0000,     0.0000, 0.0000)
            (   0.0000,  -0.0000,   250.0000, 0.0000)
            (2768.3027,   0.0000, -1296.1735, 1.0000)>
MESH
Pillar_Baked
<Matrix 4x4 ( 350.0000,   0.0000,     0.0000, 0.0000)
            (   0.0000, 350.0000,     0.0000, 0.0000)
            (   0.0000,  -0.0000,   350.0000, 0.0000)
            (2822.4688,   0.0000, -1799.0000, 1.0000)>
MESH
Bd1_Baked
<Matrix 4x4 (   0.0000,   0.0000,   250.0000, 0.0000)
            (  -0.0000, 250.0000,    -0.0000, 0.0000)
            (-250.0000,  -0.0000,     0.0000, 0.0000)
            ( 397.9810, 251.0000, -5678.0000, 1.0000)>
MESH
Bd3_Baked
<Matrix 4x4 (  -0.0000,  -0.0000,  100.0000, 0.0000)
            (   0.0000, 100.0000,    0.0000, 0.0000)
            (-100.0000,   0.0000,   -0.0000, 0.0000)
            (1984.9810,   0.0000, 4856.0000, 1.0000)>
MESH
AC_Stacked_Cube.026
<Matrix 4x4 (  -0.0000,  -0.0000,  -250.0000, 0.0000)
            (  -0.0000, 250.0000,    -0.0000, 0.0000)
            ( 250.0000,   0.0000,    -0.0000, 0.0000)
            (1700.0000, 720.0000, -3842.0000, 1.0000)>
MESH
Pillar_Baked.001
<Matrix 4x4 ( 350.0000,   0.0000,     0.0000, 0.0000)
            (   0.0000, 350.0000,     0.0000, 0.0000)
            (   0.0000,  -0.0000,   350.0000, 0.0000)
            (2822.4688,   0.0000, -1646.0000, 1.0000)>
MESH
tunnel
<Matrix 4x4 (1200.0000,   0.0000,   0.0000, 0.0000)
            (   0.0000, 300.0000,   0.0000, 0.0000)
            (   0.0000,  -0.0000, 100.0000, 0.0000)
            (1687.0000, 863.0000, -65.0000, 1.0000)>
MESH
Pipe_1
<Matrix 4x4 (   0.0001,   -0.0000, -250.0000, 0.0000)
            ( 250.0000,   -0.0000,    0.0001, 0.0000)
            (  -0.0000, -250.0000,    0.0000, 0.0000)
            (1700.0000,  655.0000,    0.0000, 1.0000)>
MESH
Pipe_2
<Matrix 4x4 (   0.0001,   -0.0000,  250.0000, 0.0000)
            ( 250.0000,   -0.0000,   -0.0001, 0.0000)
            (   0.0000,  250.0000,    0.0000, 0.0000)
            (1700.0000, 1061.0000, -236.0000, 1.0000)>
MESH
Cable_Long
<Matrix 4x4 (  -0.0000,    0.0000, 250.0000, 0.0000)
            (   0.0000,  250.0000,   0.0000, 0.0000)
            (-250.0000,    0.0000,  -0.0000, 0.0000)
            ( 999.0000, 1184.0000,   0.0000, 1.0000)>
MESH
Cable_Long.001
<Matrix 4x4 (  -0.0000,    0.0000,  250.0000, 0.0000)
            (  -0.0000,  250.0000,   -0.0000, 0.0000)
            (-250.0000,   -0.0000,   -0.0000, 0.0000)
            (1202.0000, 1184.0000, 2010.0000, 1.0000)>
MESH
Pipe_Corner
<Matrix 4x4 (   0.0001,   0.0000, -175.0000, 0.0000)
            (-175.0000,   0.0000,   -0.0001, 0.0000)
            (   0.0000, 175.0000,    0.0000, 0.0000)
            (1700.0000, 911.0000, 1222.0000, 1.0000)>
MESH
Computer_Large
<Matrix 4x4 (   0.0000,   0.0000,  225.0000, 0.0000)
            (  -0.0000, 225.0000,   -0.0000, 0.0000)
            (-225.0000,  -0.0000,    0.0000, 0.0000)
            ( 765.0000, 555.0000, 1501.0000, 1.0000)>
MESH
Bob
<Matrix 4x4 (   0.0000,   0.0000,   200.0000, 0.0000)
            (  -0.0000, 200.0000,    -0.0000, 0.0000)
            (-200.0000,  -0.0000,     0.0000, 0.0000)
            ( 171.0000, 398.0000, -1094.0500, 1.0000)>
MESH
spherePurple
<Matrix 4x4 ( 500.0000,    0.0000,    0.0000, 0.0000)
            (   0.0000,  500.0000,    0.0000, 0.0000)
            (   0.0000,   -0.0000,  500.0000, 0.0000)
            (4453.0000, 1497.0000, 6438.0000, 1.0000)>
MESH
Sign_1
<Matrix 4x4 (  -0.0000,   0.0000,  250.0000, 0.0000)
            (   0.0000, 250.0000,    0.0000, 0.0000)
            (-250.0000,   0.0000,   -0.0000, 0.0000)
            (1007.0000, 811.0000, 2006.0000, 1.0000)>
MESH
Cable_Long.002
<Matrix 4x4 (  -0.0000,    0.0000,  250.0000, 0.0000)
            (  -0.0000,  250.0000,   -0.0000, 0.0000)
            (-250.0000,   -0.0000,   -0.0000, 0.0000)
            ( 781.0000, 1184.0000, 2933.0000, 1.0000)>
MESH
Cable_Small
<Matrix 4x4 (-200.7516,   -0.0000, -286.7033, 0.0000)
            (   0.0000,  300.0000,   -0.0000, 0.0000)
            ( 204.7881,   -0.0000, -143.3940, 0.0000)
            ( 916.0000, 1063.0000, 2334.0000, 1.0000)>
MESH
Platform_4x1
<Matrix 4x4 (  -0.0000,    0.0000,  250.0000, 0.0000)
            (   0.0000,  250.0000,    0.0000, 0.0000)
            (-250.0000,    0.0000,   -0.0000, 0.0000)
            (1803.0000, 1487.0000, 4326.0000, 1.0000)>
MESH
Platform_4x4
<Matrix 4x4 ( 250.0000,   0.0000,    0.0000, 0.0000)
            (   0.0000, 250.0000,    0.0000, 0.0000)
            (   0.0000,  -0.0000,  250.0000, 0.0000)
            (1589.0000, 548.0000, 4465.0000, 1.0000)>
MESH
Sign_4
<Matrix 4x4 (  -0.0000,   0.0000,  500.0000, 0.0000)
            (   0.0000, 500.0000,    0.0000, 0.0000)
            (-250.0000,   0.0000,   -0.0000, 0.0000)
            ( 418.0000, 953.0000, 4680.0000, 1.0000)>
MESH
Ac18_Baked.001
<Matrix 4x4 ( 225.0000,   0.0000,    0.0000, 0.0000)
            (   0.0000, 225.0000,    0.0000, 0.0000)
            (   0.0000,  -0.0000,  225.0000, 0.0000)
            (2484.7949,   0.0000, 6792.0000, 1.0000)>
MESH
AC
<Matrix 4x4 (   0.0000,  -0.0000, -200.0000, 0.0000)
            (   0.0000, 200.0000,   -0.0000, 0.0000)
            ( 200.0000,  -0.0000,    0.0000, 0.0000)
            (1700.0000, 680.0000, 7430.0000, 1.0000)>
MESH
AC_Stacked_Cube.001
<Matrix 4x4 (   0.0000,   0.0000, -250.0000, 0.0000)
            (   0.0000, 250.0000,    0.0000, 0.0000)
            ( 250.0000,  -0.0000,    0.0000, 0.0000)
            (1700.0000, 799.0000, 8181.0000, 1.0000)>
MESH
AC.001
<Matrix 4x4 (   0.0000,   0.0000, -200.0000, 0.0000)
            (   0.0000, 200.0000,    0.0000, 0.0000)
            ( 200.0000,  -0.0000,    0.0000, 0.0000)
            (1700.0000, 680.0000, 8844.0000, 1.0000)>
MESH
Pillar_Baked.002
<Matrix 4x4 ( 350.0000,   0.0000,    0.0000, 0.0000)
            (   0.0000, 350.0000,    0.0000, 0.0000)
            (   0.0000,  -0.0000,  350.0000, 0.0000)
            (2729.4688,   0.0000, 5819.0000, 1.0000)>
MESH
Rail_Long
<Matrix 4x4 (   0.0000,   0.0000,  500.0000, 0.0000)
            (  -0.0000, 500.0000,   -0.0000, 0.0000)
            (-500.0000,  -0.0000,    0.0000, 0.0000)
            (1700.0000, 549.0000, 2986.0000, 1.0000)>
MESH
Pipe_Corner_2
<Matrix 4x4 (   0.0000, -250.0000,    0.0000, 0.0000)
            ( 250.0000,    0.0000,    0.0000, 0.0000)
            (  -0.0000,   -0.0000,  250.0000, 0.0000)
            (1700.0000, 1016.0000, 3173.0000, 1.0000)>
MESH
uploads_files_3136293_hula_hoop
<Matrix 4x4 ( 500.0000,    0.0000,    0.0000, 0.0000)
            (   0.0000,    0.0000,  500.0000, 0.0000)
            (   0.0000, -500.0000,    0.0000, 0.0000)
            (1700.0000,  755.0000, 9677.0000, 1.0000)>
EMPTY
bottom
<Matrix 4x4 (   1.0000,  0.0000,     0.0000, 0.0000)
            (   0.0000,  0.0000,     1.0000, 0.0000)
            (   0.0000, -1.0000,     0.0000, 0.0000)
            (1570.0000,  0.0000, -1207.0000, 1.0000)>
EMPTY
top
<Matrix 4x4 (   1.0000,    0.0000,    0.0000, 0.0000)
            (   0.0000,    0.0000,    1.0000, 0.0000)
            (   0.0000,   -1.0000,    0.0000, 0.0000)
            (1570.0000, 1147.0000, -869.0000, 1.0000)>
EMPTY
left
<Matrix 4x4 (   1.0000,    0.0000,     0.0000, 0.0000)
            (   0.0000,    0.0000,     1.0000, 0.0000)
            (   0.0000,   -1.0000,     0.0000, 0.0000)
            (1570.0000, 1147.0000, -6793.0000, 1.0000)>
EMPTY
right
<Matrix 4x4 (   1.0000,    0.0000,     0.0000, 0.0000)
            (   0.0000,    0.0000,     1.0000, 0.0000)
            (   0.0000,   -1.0000,     0.0000, 0.0000)
            (1570.0000, 1147.0000, 10735.0000, 1.0000)>
