# Game Level Exporter v1.3
LIGHT
Light
<Matrix 4x4 (-0.2909, -0.0552,  0.9552, 0.0000)
            (-0.7711,  0.6045, -0.1999, 0.0000)
            (-0.5664, -0.7947, -0.2184, 0.0000)
            ( 4.0762,  5.9039,  1.0055, 1.0000)>
CAMERA
Camera
<Matrix 4x4 ( -0.0000,   0.0000,     1.0000, 0.0000)
            (  0.0000,   1.0000,     0.0000, 0.0000)
            ( 1.0000,   0.0000,    -0, 0.0000)
            (-70.0000, 25.0000, 620.0000, 1.0000)>
EMPTY
Player Start
<Matrix 4x4 (1.0000,  0.0000,  0.0000, 0.0000)
            (0.0000,  0.0000,  1.0000, 0.0000)
            (0.0000, -1.0000,  0.0000, 0.0000)
            (0.0000, 25.0000, -9.8618, 1.0000)>
MESH
uploads_files_4052472_Stylized+Planets
<Matrix 4x4 (-14.5638,   0.2502,  42.5774, 0.0000)
            (-23.7180,  37.3233,  -8.3322, 0.0000)
            (-35.3603, -25.1378, -11.9475, 0.0000)
            ( 63.0000,  64.0000, 869.0000, 1.0000)>
MESH
CyberCity
<Matrix 4x4 (-1.0000,  0.0000,  -0.0000, 0.0000)
            ( 0.0000,  1.0000,  -0.0000, 0.0000)
            ( 0.0000, -0.0000,  -1.0000, 0.0000)
            ( 5.0000, 54.4469, 921.0000, 1.0000)>
MESH
SolarSys
<Matrix 4x4 (   0.0000,     0.0000,   100.0000, 0.0000)
            (  -0.0000,   100.0000,    -0.0000, 0.0000)
            (-100.0000,    -0.0000,     0.0000, 0.0000)
            (1259.0000, -1809.0000, -1902.0000, 1.0000)>
MESH
Asteroid_3_LOW_MODEL_
<Matrix 4x4 (  0.0000,  0.0000,  25.0000, 0.0000)
            ( -0.0000, 25.0000,  -0.0000, 0.0000)
            (-25.0000, -0.0000,   0.0000, 0.0000)
            (  0.0000,  0.0000, 435.0000, 1.0000)>
MESH
Asteroid_4_LOW_MODEL_
<Matrix 4x4 (  0.0000,  0.0000,  25.0000, 0.0000)
            ( -0.0000, 25.0000,  -0.0000, 0.0000)
            (-25.0000, -0.0000,   0.0000, 0.0000)
            (  0.0000, 65.0000, 258.0000, 1.0000)>
MESH
Bob
<Matrix 4x4 (   0.0000,  -0.0000,   -5.0000, 0.0000)
            (   0.0000,   5.0000,   -0.0000, 0.0000)
            (   5.0000,  -0.0000,    0.0000, 0.0000)
            (1545.0000, -32.0000, 1466.0000, 1.0000)>
MESH
Asteroid_2_LOW_MODEL_
<Matrix 4x4 (20.0000,   0.0000,   0.0000, 0.0000)
            ( 0.0000,  20.0000,   0.0000, 0.0000)
            ( 0.0000,  -0.0000,  20.0000, 0.0000)
            ( 0.0000, -20.0000, 259.0000, 1.0000)>
MESH
Asteroid_4_LOW_MODEL_.001
<Matrix 4x4 (  0.0000,  0.0000,  25.0000, 0.0000)
            ( -0.0000, 25.0000,   0.0000, 0.0000)
            (-25.0000, -0.0000,   0.0000, 0.0000)
            (  0.0000, 38.0000, 619.0000, 1.0000)>
MESH
Asteroid_3_LOW_MODEL_.001
<Matrix 4x4 (  0.0000,  17.6777,  -17.6777, 0.0000)
            (  0.0000, -17.6777,  -17.6777, 0.0000)
            (-25.0000,  -0.0000,   -0.0000, 0.0000)
            (  0.0000,  85.0000, 1228.0000, 1.0000)>
MESH
Asteroid_1_LOW_MODEL_
<Matrix 4x4 (  0.0000,  0.0000,   15.0000, 0.0000)
            ( -0.0000, 15.0000,   -0.0000, 0.0000)
            (-15.0000, -0.0000,    0.0000, 0.0000)
            (  0.0000, 26.0000, 1434.0000, 1.0000)>
MESH
PM3D_TRock
<Matrix 4x4 (30.0000,  0.0000,    0.0000, 0.0000)
            ( 0.0000, 30.0000,    0.0000, 0.0000)
            ( 0.0000, -0.0000,   30.0000, 0.0000)
            ( 0.0000, 85.0000, 2368.0000, 1.0000)>
MESH
PM3D_TRock2
<Matrix 4x4 (30.0000,  0.0000,    0.0000, 0.0000)
            ( 0.0000, 30.0000,    0.0000, 0.0000)
            ( 0.0000, -0.0000,   30.0000, 0.0000)
            ( 0.0000,  0.0000, 2645.0000, 1.0000)>
MESH
PM3D_TRock2.001
<Matrix 4x4 (30.0000,   0.0000,    0.0000, 0.0000)
            ( 0.0000,  30.0000,    0.0000, 0.0000)
            ( 0.0000,  -0.0000,   30.0000, 0.0000)
            ( 0.0000, 118.0000, 2984.0000, 1.0000)>
MESH
uploads_files_4398657_Planet19
<Matrix 4x4 (   2.0000,   0.0000,    0.0000, 0.0000)
            (   0.0000,   2.0000,    0.0000, 0.0000)
            (   0.0000,  -0.0000,    2.0000, 0.0000)
            (-105.0000, -26.0000, 3368.0000, 1.0000)>
MESH
WomensFoot
<Matrix 4x4 (-7.0711,   0.0000,    7.0711, 0.0000)
            (-7.0711,   0.0000,   -7.0711, 0.0000)
            ( 0.0000, -10.0000,    0.0000, 0.0000)
            ( 0.0000,  16.0000, 3148.0000, 1.0000)>
MESH
PM3D_TRock2.002
<Matrix 4x4 ( 15.0000, 25.9808,    0.0000, 0.0000)
            (-25.9808, 15.0000,    0.0000, 0.0000)
            (  0.0000, -0.0000,   30.0000, 0.0000)
            (  0.0000, 59.0000, 3151.0000, 1.0000)>
MESH
Low_poly_UFO
<Matrix 4x4 (1.5000,  0.0000,    0.0000, 0.0000)
            (0.0000,  1.5000,    0.0000, 0.0000)
            (0.0000, -0.0000,    1.5000, 0.0000)
            (0.0000, 56.0000, 3716.0000, 1.0000)>
MESH
Goal
<Matrix 4x4 (100.0000,   0.0000,    0.0000, 0.0000)
            (  0.0000,   0.0000, -100.0000, 0.0000)
            (  0.0000, 100.0000,    0.0000, 0.0000)
            (  0.0000,  61.0000, 4075.0000, 1.0000)>
